0
8
9
13
14
16
17
78
79
120
121
154
155
194
195
285
286
321
322
348
349
358
359
384
385
393
394
425
426
434
435
456
457
476
477
647
648
660
661
690
691
701
702
742
743
819
820
833
834
868
869
939
940
949
950
977
978
1015
1016
1070
1071
1092
1093
1119
1120
1135
1136
1177
1178
1196
1197
1213
1214
1255
1256
1314
1315
1330
1331
1351
1352
1391
1392
1451
1452
1493
1494
1603
1604
1634
1635
1675
1676
1718
1719
1753
1754
1802
1803
1837
1838
1841
1842
1843
1844
1865
1866
1883
1884
1927
1928
1965
1966
1981
1982
2016
2017
2046
2047
2053
2054
2076
2077
2092
2093
2116
2117
2149
2150
2184
2185
2224
2225
2237
2238
2278
2279
2305
2306
2331
2332
2363
2364
2384
2385
2428
2429
2468
2469
2477
2478
2503
2504
2528
2529
2546
2547
2579
2580
2593
2594
2608
2609
2646
2647
2674
2675
2699
2700
2721
2722
2769
2770
2848
2849
2883
2884
2917
2918
2933
2934
2969
2970
3010
3011
3040
3041
3090
3091
3131
3132
3163
3164
3206
3207
3227
3228
3254
3255
3279
3280
3326
3327
3353
3354
3366
3367
3417
3418
3454
3455
3531
3532
3569
3570
3603
3604
3629
3630
3651
3652
3676
3677
3685
3686
3720
3721
3739
3740
3770
3771
3867
3868
3894
3895
3948
3949
3955
3956
3957
3958
3988
3989
4008
4009
4034
4035
4054
4055
4068
4069
4091
4092
4107
4108
4115
4116
4126
4127
4166
4167
4190
4191
4246
4247
4274
4275
4308
4309
4328
4329
4362
4363
4363
4364
4393
