0
5
6
10
11
12
13
61
62
104
105
126
127
157
158
222
223
247
248
269
270
279
280
298
299
310
311
335
336
344
345
363
364
384
385
510
511
520
521
541
542
548
549
579
580
646
647
654
655
690
691
741
742
752
753
771
772
803
804
850
851
867
868
888
889
898
899
929
930
943
944
955
956
995
996
1042
1043
1054
1055
1069
1070
1101
1102
1158
1159
1187
1188
1269
1270
1296
1297
1330
1331
1371
1372
1398
1399
1453
1454
1476
1477
1478
1479
1480
1481
1496
1497
1509
1510
1543
1544
1574
1575
1584
1585
1610
1611
1621
1622
1628
1629
1652
1653
1653
1654
1672
1673
1702
1703
1729
1730
1765
1766
1776
1777
1819
1820
1841
1842
1869
1870
1892
1893
1921
1922
1958
1959
1997
1998
2006
2007
2035
2036
2059
2060
2076
2077
2099
2100
2110
2111
2122
2123
2159
2160
2178
2179
2195
2196
2216
2217
2263
2264
2340
2341
2364
2365
2395
2396
2408
2409
2451
2452
2479
2480
2512
2513
2562
2563
2602
2603
2624
2625
2661
2662
2677
2678
2696
2697
2716
2717
2748
2749
2776
2777
2786
2787
2832
2833
2866
2867
2920
2921
2949
2950
2980
2981
3009
3010
3026
3027
3049
3050
3057
3058
3090
3091
3106
3107
3131
3132
3247
3248
3280
3281
3324
3325
3328
3329
3330
3331
3362
3363
3387
3388
3406
3407
3424
3425
3436
3437
3456
3457
3474
3475
3481
3482
3493
3494
3525
3526
3548
3549
3592
3593
3614
3615
3635
3636
3655
3656
3679
3680
3708
3709
3732
